-757232.13989258 -979692.06005859 486.38000488
-759725.72000122 -978474.97000122 299.48999023
-759532.20999146 -978789.32000732 417.39001465
-758706.06005859 -978440.22000122 451.17001343
-757421.07006836 -978689.59997559 344.57998657
-758383.80004883 -977087.54998779 213.24000549
-758697.18994141 -978294.26998901 453.42999268
-759223.33001709 -977932.95999908 367.95001221
-758622.11999512 -979829.81005859 314.11999512
-758159.90002441 -979881.03002930 459.76998901
-758603.18994141 -977950.00999832 380.70999146
-759973.10000038 -978311.89999390 358.25000000
-757389.61010742 -979944.66003418 527.45001221
-757644.58007813 -978898.65997314 382.36999512
-758817.15002441 -977727.33999634 307.85998535
-758131.86999512 -979742.06005859 454.01000977
-758834.19995117 -979404.72998047 346.39999390
-758771.19995117 -979518.34997559 318.80999756
-758060.16003418 -979491.07995605 461.98999023
-758829.10998535 -979662.80004883 279.47000122
-758594.32995605 -979909.30004883 313.79998779
-758055.40002441 -979635.69995117 476.67999268
-757129.43994141 -978669.96997070 382.70001221
-757726.37011719 -977938.63999939 305.13000488
-759199.30999756 -979698.53002930 223.96000671
-759026.84002686 -977009.67999268 207.52000427
-759457.32000732 -979183.30004883 303.42999268
-757404.60009766 -979309.23999023 423.50000000
-759477.65997314 -978127.23999786 358.14001465
-759014.51000977 -979440.54003906 293.14001465
-758012.08996582 -978857.91998291 411.89001465
-758909.51000977 -979020.92999268 448.36999512
-759287.21997070 -979029.56994629 390.51998901
-757878.50000000 -978124.00000000 333.98999023
-758331.83996582 -977338.53997803 290.11999512
-759944.97999954 -978557.07000732 264.94000244
-758865.33996582 -978797.84002686 469.57998657
-758085.93994141 -978321.76000977 389.42999268
-757731.14990234 -978568.94000244 344.11999512
-757689.91992188 -977405.48999023 271.60000610
-757841.03002930 -978385.70001221 345.00000000
-759346.78002930 -978792.55999756 449.67001343
-758703.43005371 -979511.25000000 319.98999023
-757969.18994141 -979610.18005371 463.26998901
-759126.19000244 -979310.77001953 368.79000854
-759314.28997803 -977136.34997559 221.44999695
-759204.34002686 -978698.76000977 439.42999268
-757028.87011719 -978411.63000488 331.08999634
-758047.45996094 -979000.96002197 443.82000732
-757880.55004883 -979654.76000977 449.83999634
-759900.83999634 -978496.51000977 291.79000854
-757534.85009766 -979575.59997559 459.47000122
-758311.01000977 -979335.16003418 498.02999878
-757624.30004883 -978493.23999023 334.29000854
-757199.82006836 -979913.15002441 531.76000977
-759244.86999512 -979361.22998047 342.42001343
-757743.75000000 -977626.44000244 254.25000000
-758293.82995605 -978729.72998047 419.55999756
-757008.53002930 -978459.17999268 332.98001099
-759217.64001465 -977772.19999695 337.45001221
-758318.38000488 -979976.85998535 436.80999756
-757849.00000000 -977171.09002686 197.00999451
-759276.16998291 -979105.55004883 355.35998535
-758846.32995605 -978314.39999390 411.91000366
-758537.46997070 -979458.68005371 403.38000488
-758135.85998535 -978713.85998535 394.48999023
-757653.28002930 -977424.78997803 291.45001221
-759078.78997803 -978213.85000610 401.57000732
-757251.92993164 -979710.59997559 492.07000732
-758151.02001953 -979513.00000000 471.73999023
-757972.34997559 -979015.03002930 435.89999390
-759156.65997314 -978948.15002441 412.22000122
-757954.77001953 -977441.10998535 265.91000366
-759225.66998291 -979768.81994629 219.41000366
-758382.80004883 -977086.53997803 213.00999451
-757908.67993164 -977267.34002686 219.50000000
-757377.95996094 -978913.01000977 388.39999390
-757662.36010742 -979152.16003418 403.50000000
-758872.81994629 -978484.11999512 430.02999878
-759504.66000366 -977042.57000732 215.63999939
-758626.28002930 -978038.95999908 403.76000977
-759314.32000732 -977594.14999390 274.29000854
-759132.90997314 -978463.10998535 416.00000000
-758812.76000977 -979353.83996582 371.57000732
-758070.38000488 -979121.65002441 458.73999023
-759399.11999512 -977879.94000244 315.11999512
-758559.52001953 -978859.09002686 478.98999023
-758765.56994629 -979592.18005371 300.73999023
-757294.12988281 -979856.57995605 526.78002930
-757087.34008789 -979108.03002930 459.60998535
-758317.40002441 -978961.14001465 484.94000244
-758369.50000000 -979479.13000488 456.14999390
-758096.92004395 -977422.50000000 298.07998657
-758522.05004883 -979718.42004395 405.20001221
-758315.93005371 -979297.79003906 510.82000732
-757732.79003906 -978075.72000122 305.54998779
-757290.93994141 -978937.69000244 421.82998657
-758340.86999512 -978215.83000183 449.10000610
-759102.85998535 -977941.97999954 364.33999634
-757375.20996094 -978455.14001465 363.75000000
-757573.75000000 -979114.66003418 411.35998535
-757851.51000977 -978804.46002197 404.95001221
-757509.08007813 -979054.88000488 406.63000488
-758159.89001465 -978095.31999969 386.14001465
-758525.28002930 -979281.30004883 454.89999390
-759582.85998535 -978209.92999268 401.95999146
-758643.18994141 -978634.41998291 497.44000244
-758698.14001465 -979145.25000000 458.50000000
-757973.43005371 -979204.07995605 434.73999023
-759994.75000000 -978448.79998779 317.19000244
-758980.86999512 -977819.94000244 343.23999023
-758899.68005371 -978651.98999023 462.72000122
-756869.36010742 -978150.78999329 368.76998901
-757269.23999023 -979037.97998047 438.26000977
-757673.70996094 -979093.82995605 392.67999268
-758817.78002930 -977469.59997559 259.47000122
-757418.46997070 -979835.70996094 504.79998779
-758336.21997070 -979529.48999023 463.82998657
-758381.96997070 -979392.60998535 474.70999146
-759277.03002930 -977780.03999329 341.10998535
-758927.34997559 -978445.45001221 417.63000488
-757492.65991211 -978426.45001221 318.63000488
-757720.38989258 -979773.26000977 479.82000732
-757912.22998047 -978777.40997314 392.85000610
-758287.44995117 -979887.27001953 449.73999023
-758820.68005371 -979672.20996094 277.60000610
-759032.34002686 -979822.36999512 227.00000000
-758859.94995117 -980008.81005859 216.16000366
-757382.67993164 -979919.18005371 523.00000000
-759119.04998779 -979246.04003906 406.35998535
-757124.81005859 -978393.44000244 339.98999023
-756905.72998047 -978908.54998779 405.70999146
-759074.76000977 -978553.86999512 420.36999512
-759952.18000031 -977690.89999390 206.13999939
-758597.52001953 -979104.18005371 488.73999023
-757589.02001953 -979340.25000000 424.76000977
-757196.42993164 -977861.78999329 338.50000000
-759407.65997314 -978812.17999268 449.61999512
-757524.37988281 -978871.61999512 356.22000122
-759465.79998779 -978981.79998779 391.60998535
-757913.06005859 -978786.52001953 397.79998779
-759591.92999268 -978144.97000122 390.77999878
-759710.42999268 -977699.66000366 229.50000000
-759312.38000488 -977646.76998901 287.23001099
-758981.96997070 -979277.23999023 387.76000977
-758011.91003418 -977467.61999512 289.51000977
-757633.03002930 -977789.60000610 252.00000000
-757261.28002930 -979611.67004395 472.45001221
-760095.41999817 -977911.01999664 221.86999512
-758710.32995605 -978090.02999878 405.64001465
-759335.96002197 -978715.90997314 430.54000854
-758447.82995605 -979168.78002930 550.45001221
-758756.93005371 -979913.27001953 259.89999390
-757547.95996094 -978162.99000549 307.16000366
-758017.91003418 -979042.89001465 444.48001099
-759353.69000244 -978830.72998047 437.94000244
-759657.00000000 -978393.29000854 334.64001465
-759959.59999847 -978482.85998535 305.57998657
-758396.45996094 -979783.52001953 389.10000610
-758628.82995605 -978484.97000122 466.04000854
-757058.80004883 -979255.22998047 489.52999878
-758374.90002441 -979215.28002930 559.26000977
-759411.67999268 -977628.01000977 246.63999939
-757707.26000977 -979824.68005371 485.07998657
-758999.53002930 -979714.73999023 242.99000549
-757165.90991211 -978953.23999023 431.67001343
-757747.05004883 -978702.39001465 376.50000000
-757791.34008789 -977825.83000183 309.79998779
-758701.59997559 -978531.90997314 467.23001099
-758412.94995117 -979873.16003418 414.39999390
-758934.00000000 -979808.22998047 242.33000183
-757591.95996094 -979673.21997070 471.39001465
-758236.89001465 -979992.82995605 441.11999512
-757859.98999023 -979745.41003418 481.75000000
-758150.65002441 -978550.51000977 408.26000977
-759129.98999023 -979924.94995117 212.77999878
-758051.89001465 -977125.08001709 226.08000183
-756976.39990234 -978718.46002197 385.89001465
-757377.89990234 -978822.79998779 385.20999146
-759022.40997314 -978148.99000549 388.45001221
-759062.03997803 -978697.52001953 440.79000854
-758838.88000488 -977479.78997803 260.16000366
-758471.36999512 -979403.41003418 442.85000610
-759153.61999512 -978879.11999512 421.80999756
-757475.93994141 -979473.92004395 449.16000366
-759160.96997070 -977472.04998779 249.46000671
-757648.34008789 -979260.15002441 407.27999878
-759426.14001465 -978446.47000122 373.22000122
-758225.56005859 -978638.23999023 419.01998901
-759077.66998291 -979548.56005859 255.05000305
-759216.90997314 -977287.51000977 223.96000671
-758391.83996582 -979428.34997559 460.82998657
-758351.20996094 -979722.51000977 405.98001099
-757683.38989258 -978591.96997070 347.26998901
-758759.65002441 -979169.85998535 461.86999512
-759256.86999512 -979494.61999512 260.58999634
-758112.43005371 -978711.16998291 394.85998535
-759215.25000000 -978475.30999756 414.44000244
-759268.84002686 -978348.26998901 394.95001221
-759492.14999390 -979029.08996582 369.94000244
-757242.72998047 -979500.58996582 465.22000122
-759407.04998779 -979128.61999512 322.32998657
-759180.96997070 -979584.11999512 238.28999329
-759432.84997559 -979350.16003418 357.20001221
-757918.65991211 -977213.28002930 202.94000244
-758439.46997070 -979188.19995117 558.41998291
-759192.21002197 -979614.61999512 234.02000427
-759043.69000244 -979536.68994141 259.70001221
-759106.91998291 -979550.28002930 250.86999512
-759421.08001709 -978789.72998047 444.17001343
-758463.97998047 -978841.36999512 453.83999634
-759654.23001099 -979042.95996094 294.08999634
-758639.06005859 -977138.60998535 220.13999939
-757671.71997070 -978149.58999634 316.45001221
-758687.77001953 -979232.97998047 435.94000244
-758737.56005859 -978573.79998779 476.17999268
-758968.21997070 -977411.46997070 254.39999390
-759742.52999878 -977400.50000000 193.77999878
-759087.55999756 -978921.22998047 426.33999634
-757544.05004883 -979273.02001953 428.73999023
-758998.83001709 -978729.84002686 452.20001221
-758464.83996582 -979226.84997559 526.60998535
-758348.09997559 -979133.96997070 558.40002441
-758172.88000488 -979830.44995117 439.23999023
-758584.54003906 -978166.96000671 456.33999634
-759375.02001953 -979343.18994141 370.42001343
-758577.25000000 -977766.89999390 341.61999512
-758744.51000977 -979149.02001953 469.63000488
-757952.57995605 -979757.29003906 481.39999390
-759247.83001709 -978949.55999756 410.10998535
-758387.60998535 -978121.20999908 443.61999512
-757184.12011719 -979964.18005371 539.65997314
-758551.92004395 -977333.46002197 265.17001343
-758436.44995117 -978644.21997070 448.67001343
-757883.71997070 -977276.02001953 218.14999390
-757352.71997070 -977622.91000366 321.52999878
-757829.36010742 -978746.44000244 383.00000000
-757237.34008789 -977794.38999939 333.19000244
-757759.92993164 -977277.05999756 233.88999939
-759984.76000023 -978087.31999969 299.39999390
-758145.20996094 -980026.59997559 453.95999146
-757869.37011719 -978995.03997803 427.67001343
-757088.62988281 -979674.33996582 514.67999268
-759472.15002441 -977552.69000244 222.36000061
-759646.05999756 -978847.54998779 338.07000732
-758763.53002930 -979892.68005371 260.51000977
-758959.43005371 -978550.84002686 431.20001221
-758702.81005859 -978551.32000732 470.39001465
-758311.32995605 -977724.44000244 341.30999756
-758021.95996094 -979522.71997070 459.89999390
-759690.92001343 -977303.85998535 218.27999878
-759293.89001465 -979130.71997070 348.69000244
-758537.45996094 -977936.38999939 383.01998901
-757377.53002930 -977566.92999268 318.45001221
-758790.56994629 -979198.45996094 458.48001099
-759198.73999023 -978395.00000000 410.01998901
-757987.82995605 -977797.38000488 329.76998901
-759200.40002441 -979339.42004395 357.52999878
-757018.16992188 -978581.25000000 367.92001343
-758352.08996582 -979916.95996094 442.17001343
-759042.21002197 -979567.13000488 256.85998535
-757622.77001953 -977184.41998291 297.35000610
-758361.19995117 -978705.41998291 426.76998901
-758499.67004395 -978682.59997559 464.01998901
-757235.05004883 -979820.53002930 528.96997070
-758178.33996582 -977443.46002197 309.86999512
-757579.94995117 -979374.21997070 429.05999756
-758062.17004395 -979546.83996582 471.39001465
-758389.77001953 -979296.41003418 499.44000244
-758702.57995605 -977844.82000732 331.76998901
-758621.51000977 -978755.71002197 487.17999268
-758196.85998535 -979183.00000000 488.83999634
-757705.42993164 -977293.60998535 257.76000977
-757472.29003906 -977362.25000000 312.83999634
-759131.85998535 -979070.07995605 409.76998901
-759551.72000122 -978996.51000977 347.89001465
-759603.80999756 -977079.33001709 226.91999817
-758957.76000977 -977332.55999756 244.16999817
-759160.03997803 -979190.28002930 381.54000854
-758800.21997070 -978680.98999023 499.22000122
-757181.58007813 -979048.23999023 448.26000977
-758736.50000000 -978662.59997559 508.82000732
-757263.68994141 -979405.45996094 455.44000244
-759787.89999390 -977716.23999023 228.57000732
-757152.11010742 -979015.11999512 442.80999756
-759071.60998535 -978429.22000122 414.13000488
-759776.91999817 -977616.92001343 212.44000244
-758102.18005371 -978862.15002441 419.41000366
-757945.43994141 -979740.40002441 477.95999146
-758390.20996094 -979842.82995605 421.25000000
-757914.41992188 -978809.72998047 408.70001221
-757273.39990234 -979368.35998535 452.91000366
-759161.34002686 -977258.61999512 224.63999939
-758751.35998535 -978076.98000336 395.38000488
-759338.90002441 -978549.95001221 415.33999634
-756804.03002930 -978464.61999512 360.14999390
-758315.53002930 -978150.47000122 436.63000488
-757766.84008789 -979541.43005371 448.82998657
-757648.57006836 -979202.28002930 404.57000732
-758153.61999512 -978352.66000366 403.35000610
-759519.64999390 -978932.53997803 385.60000610
-759168.64001465 -979286.86999512 389.35000610
-759377.04998779 -978572.85998535 410.25000000
-758822.48999023 -978687.71002197 492.26000977
-757117.80004883 -978476.48001099 354.89001465
-759439.10998535 -978562.59002686 386.36999512
-759822.86000061 -977416.71002197 191.61000061
-759452.75000000 -979401.06994629 342.11999512
-758035.01000977 -979820.46997070 471.22000122
-757327.57006836 -979605.10998535 461.67999268
-757432.67993164 -978117.19000244 283.29000854
-758885.22998047 -979949.07995605 222.22000122
-759769.14999390 -977550.22000122 204.94999695
-758643.70996094 -978564.26000977 475.45001221
-758055.50000000 -978976.92999268 438.60000610
-758975.72998047 -977679.63000488 308.00000000
-757950.77001953 -979762.85998535 483.32000732
-758999.33001709 -978237.17999268 385.57998657
-758997.03997803 -979403.09997559 313.17999268
-759025.17999268 -979183.71997070 403.07998657
-758357.02001953 -977342.21002197 289.79000854
-757397.45996094 -977407.32000732 314.57998657
-759830.47000122 -978404.97000122 335.55999756
-758920.64001465 -979546.54003906 285.01998901
-759868.82000732 -977554.25000000 197.60000610
-759384.04998779 -977414.41998291 221.61000061
-757007.90991211 -979257.41003418 481.95999146
-757487.38989258 -978668.59002686 336.95001221
-758672.25000000 -979423.93005371 342.44000244
-757469.59008789 -979270.39001465 425.35998535
-758192.96997070 -979807.72998047 428.07998657
-758126.85998535 -978975.17999268 448.29998779
-758428.16003418 -979651.75000000 427.92001343
-758435.34997559 -979380.17004395 460.29000854
-757328.67993164 -978879.10998535 403.30999756
-759829.69000244 -978436.86999512 320.89999390
-759132.88000488 -977967.63999939 369.69000244
-757451.05004883 -978508.89001465 354.27999878
-758213.47998047 -979880.65002441 454.35998535
-758903.95996094 -979840.07995605 240.91000366
-757178.98999023 -979776.70996094 508.33999634
-759480.16998291 -978982.86999512 388.66000366
-758379.70996094 -977672.07000732 335.48999023
-758658.39001465 -977221.34002686 232.07000732
-758656.18005371 -977812.33000183 340.08999634
-758393.88000488 -979886.39001465 422.20999146
-757732.41992188 -977282.75000000 245.05999756
-757685.23999023 -980000.28002930 524.33001709
-759345.07000732 -979261.40002441 371.29998779
-758707.98999023 -978150.10000610 423.86999512
-759369.78002930 -977147.03997803 234.49000549
-757895.05004883 -979474.55004883 435.23999023
-759351.41998291 -978891.98999023 422.25000000
-759020.65002441 -979369.43994141 337.97000122
-757867.81005859 -978623.34997559 370.98001099
-757666.98999023 -978612.85998535 352.42999268
-759371.44000244 -979280.36999512 354.51000977
-759669.20999146 -978794.25000000 315.23999023
-757793.29003906 -977543.89999390 258.23001099
-758244.91003418 -979089.81005859 501.29998779
-759092.72998047 -979017.91998291 421.72000122
-757777.78002930 -977812.36000061 304.51000977
-758804.16003418 -977604.80999756 275.05999756
-759260.76000977 -979116.38000488 357.67001343
-758920.09997559 -979727.11999512 252.19000244
-759301.19000244 -979406.97998047 304.70999146
-757714.33007813 -978795.95001221 386.82998657
-757331.31005859 -979382.61999512 439.07000732
-758032.63000488 -977096.22998047 212.03999329
-757566.36010742 -978912.17999268 362.33999634
-758154.40002441 -979616.43994141 462.29998779
-759435.59997559 -979428.08996582 322.23001099
-759062.45001221 -979811.31005859 229.19000244
-759540.01000977 -979148.56994629 319.82998657
-757450.91992188 -978990.03002930 379.60000610
-758027.31005859 -977478.52001953 295.11999512
-757762.76000977 -979777.15002441 483.83999634
-756803.55004883 -978325.14999390 377.97000122
-757335.52001953 -979931.69995117 532.28997803
-759008.82000732 -977748.61000061 318.54998779
-758457.84997559 -977447.84002686 304.72000122
-756999.62011719 -979267.76000977 483.04000854
-758098.90002441 -978745.71002197 391.45001221
-757262.98999023 -979917.83996582 533.61999512
-759118.14001465 -977117.15002441 210.47000122
-759492.72000122 -978007.26000023 304.41000366
-757644.16992188 -978317.10000610 329.16000366
-757903.21997070 -979649.38000488 452.16000366
-758295.04003906 -979471.35998535 480.73999023
-757748.57006836 -978382.63000488 333.92999268
-757741.36010742 -978379.51998901 334.22000122
-759353.20001221 -978371.89001465 378.95001221
-757238.75000000 -979092.23999023 454.01998901
-758417.36999512 -977838.83000183 363.85998535
-759110.47998047 -977671.67999268 307.51000977
-759381.38000488 -977773.19000244 294.79000854
-757511.88989258 -978245.22999573 300.73999023
-759345.90002441 -979340.69995117 363.98999023
-758427.30004883 -979317.55004883 475.61999512
-758434.90002441 -979783.32995605 380.72000122
-757744.66992188 -979819.58996582 485.61999512
-757749.84008789 -979346.30004883 429.94000244
-758594.18005371 -979069.95996094 500.75000000
-758671.80004883 -977812.89999390 335.13000488
-758353.90002441 -977107.22998047 221.00999451
-757266.22998047 -978187.42999268 325.82000732
-758382.34997559 -979982.32995605 420.19000244
-759044.27001953 -979914.03002930 217.13000488
-757911.96997070 -979948.81005859 507.54998779
-758904.31005859 -979798.56994629 247.94000244
-757328.33007813 -977937.06999969 282.70999146
-758165.46997070 -978638.90997314 417.50000000
-758440.38000488 -979044.53002930 514.15997314
-758877.57995605 -978386.76998901 414.10998535
-757378.27001953 -977753.38000488 312.85998535
-759556.08999634 -979120.92004395 316.01000977
-758560.67004395 -979624.98999023 407.91000366
-757991.65002441 -977250.98999023 246.88999939
-757640.47998047 -978350.10000610 326.80999756
-759234.96997070 -978225.71000671 406.35000610
-757055.75000000 -979412.45996094 512.39001465
-758075.21997070 -979176.91003418 461.35998535
-758952.13000488 -979718.11999512 246.39999390
-757977.44995117 -978020.70000076 339.07998657
-759297.77001953 -978282.01998901 390.13000488
-759384.21997070 -979415.57995605 332.30999756
-758990.33001709 -979317.91003418 368.45001221
-758847.82995605 -977341.91998291 239.83999634
-757812.09008789 -977677.76000977 287.95999146
-758908.53002930 -979301.01000977 391.66000366
-758817.80004883 -979775.18994141 257.35998535
-759081.02001953 -980018.41003418 202.07000732
-758326.39001465 -979708.86999512 411.25000000
-758084.42004395 -977214.66998291 252.75999451
-757645.82006836 -979948.08996582 514.10998535
-758308.55004883 -978896.67999268 461.35000610
-758586.53002930 -978569.98999023 473.67001343
-758995.90997314 -979574.69995117 259.35998535
-757473.63989258 -978079.20999908 295.30999756
-757492.52001953 -978125.91000366 291.92999268
-757322.10009766 -978004.57999992 267.32998657
-759800.86999512 -978004.73999977 310.89001465
-758897.14001465 -978938.01000977 451.10998535
-757617.38989258 -978070.70999908 303.55999756
-758741.55004883 -979770.79003906 280.48999023
-757356.87011719 -978531.88000488 365.44000244
-757300.76000977 -978926.69000244 417.60998535
-759676.83999634 -978437.35998535 316.85998535
-757695.35009766 -979442.43005371 442.33999634
-757377.17993164 -979566.40002441 467.17999268
-758819.18994141 -978676.42999268 492.17001343
-758385.55004883 -978178.00000000 453.63000488
-758413.34997559 -979767.84997559 383.92001343
-758842.81994629 -977480.21002197 259.38000488
-759401.53002930 -977504.75000000 237.21000671
-758369.01000977 -978974.25000000 494.85998535
-758974.42004395 -978490.17001343 418.73999023
-758833.44995117 -977884.52999878 326.98999023
-757678.29003906 -977423.76000977 274.73001099
-758588.85998535 -979040.33996582 503.54000854
-757672.58007813 -978964.14001465 385.57998657
-756990.53002930 -978545.90997314 350.72000122
-759286.79998779 -979025.07995605 392.79000854
-757268.84008789 -979510.51000977 460.85000610
-757677.68994141 -978075.11000061 298.19000244
-758891.81005859 -979065.79003906 445.58999634
-759323.47998047 -978850.88000488 428.41000366
-757850.06005859 -979410.35998535 418.01998901
-759205.41998291 -979363.96997070 335.30999756
-758831.59997559 -978334.92001343 417.04998779
-757221.14990234 -978632.54998779 378.07998657
-758828.07995605 -977277.76000977 233.44999695
-757426.97998047 -979272.21997070 418.39001465
-758785.34997559 -979274.81005859 431.54000854
-758915.96997070 -978603.03002930 448.10998535
-758415.32995605 -979933.08996582 397.77999878
-756979.97998047 -978351.92999268 322.95001221
-759697.94000244 -978203.02000427 384.77999878
-759418.78997803 -979053.23999023 363.60998535
-758936.01000977 -979387.83996582 327.23999023
-759323.41998291 -979527.66003418 248.72000122
-757915.98999023 -979886.76000977 494.23999023
-757266.62011719 -979113.85998535 450.70001221
-757486.13989258 -979500.21997070 452.57998657
-758723.36999512 -978637.84002686 503.11999512
-757591.82006836 -978178.50000000 315.39001465
-759302.53002930 -977785.11000061 332.25000000
-759838.99000549 -977587.98999023 203.71000671
-757736.90991211 -977205.01000977 256.98001099
-757336.96997070 -977387.50000000 314.54998779
-759002.84002686 -979642.71997070 252.33000183
-758315.85998535 -977290.28002930 281.72000122
-758352.39001465 -977950.06999969 390.98001099
-758313.64001465 -977346.08001709 291.67999268
-759792.28999329 -978484.35000610 290.54998779
-759216.04998779 -979731.23999023 221.32000732
-759383.34997559 -977537.33999634 250.24000549
-760160.89999390 -978215.80999756 317.60000610
-758418.69995117 -978594.46002197 456.86999512
-757311.47998047 -979386.20996094 443.64001465
